mvpa_6L_lex: 
places: 3 18 20 55 56 67 71 81 161 172 182 199 222 227 237 240 250 253 254 268 283 309 329 343 362 400 404 450 464 523 525 535 549 558 564 567 568 590
	624 668 732 774 796 888 969 980 1006 1044 1066 1190 1194 1204 1285 1291 1348 1392

animals: 47 108 143 190 236 246 275 350 358 365 434 443 471 499 516 555 563 579 613 618 621 627 660 676 688 695 714 723 734 738 752 762 814 828 904 906 917 
	 930 970 971 1002 1025 1083 1129 1166 1274 1338 1366 1399 1473

mvpa_5L_lex: 
places: 13 42 47 100 103 106 114 144 145 173 188 214 252 263 265 337 356 404 421 498 598 599 601 703 732 773 
animals: 32 120 164 182 192 308 352 472 478 487 500 541 548 561 582 587 604 638 656 726 770 787 795 817 911
Interrupted after 1000. Too complicated, need for review of method

mvpa_7L_lex:
5p
18p
60a
84p
85p
112p
137p
144a
173p
182p
194p
213a
229a
233p
238p
261a
274p - attic
325a
391a
401p
418p
450p
476p
483p
496p
510a
512a
514a
549p
553a
579a
590p
604p
615p
673a
678a
685p
728p
738p
755a
760a
776a
787p
833a
844a
luciole
grillon












OLD TENTATIVES
d86: 17 30 49 57 107 118 139 148 152 159 161 162 186 194 197 217 224 232 233 257 260 273 291 299 346 413 423 427 435 437 447 473 476 496
d97: 2 31 51 52 59 70 77 78 96 98 103 117 129 142 148 154 155 158 170 187 188 202 211 212 (up to the ones shared with d86)
perc_90_95: 9 16 26 35 39 46 74 91 100 110 124 130 133 138 139 142 143 154 165 188 193 196 199 235 263 270 298 307 313 327 337 
























